   2.1486200e+00
   7.2130290e-01
   3.4255851e+00
   1.2518213e+00
   1.2200566e+00
   5.7091646e-02
   1.6929125e+00
   7.6898441e-01
   8.7197418e-01
   2.1241373e-01
   4.3540936e+00
   2.5565300e-01
   6.6142164e-01
   3.3253367e+00
   7.1640252e-01
   8.6968119e-01
   7.6454677e-01
   4.4726041e-01
   7.3430761e-01
   3.2127802e-01
   6.2178320e-02
   2.4100283e-01
   8.8892083e-01
   2.5871338e+00
   7.3963405e-02
   1.0456943e+00
   2.9681133e-01
   2.3500482e-01
   2.3441216e-01
   5.5720052e-01
   1.2093530e+00
   3.1190867e-01
   7.9766346e-01
   7.1276490e-01
   7.8951330e-01
   9.2315905e-01
   1.8691363e+00
   1.3675303e+00
   1.4039540e-01
   1.4508347e-01
   7.6844771e-01
   5.3842455e-01
   3.5692064e-01
   2.1152888e+00
   5.8045780e-01
   1.7589403e+00
   2.9688836e+00
   2.9593457e+00
   6.6729028e-02
   7.0322079e-01
   2.0404036e+00
   4.6916326e-01
   5.7911403e-01
   1.2520825e+00
   4.2746217e-01
   9.9384493e-01
   1.6315199e+00
   1.5318544e+00
   1.0231836e+00
   3.6541639e+00
   1.1396945e+00
   6.3926452e-01
   6.2686607e-01
   2.9113809e+00
   5.8251514e-01
   7.9905106e-01
   4.4393006e-01
   2.5895726e-01
   1.7867318e+00
   4.2233593e-02
   6.7288065e-01
   9.6146829e-02
   4.7070916e-01
   2.0166325e+00
   3.1773447e+00
   4.5151011e+00
   1.7514483e+00
   6.8776144e-01
   2.0580658e+00
   2.8141509e+00
   6.3382669e-01
   2.0330001e-02
   1.9527238e+00
   1.9949175e+00
   1.9473890e+00
   2.7381049e+00
   3.5585160e-01
   8.6813372e-01
   7.2424387e-01
   5.4044611e-01
   1.3379541e-01
   2.2642903e+00
   1.3309633e+00
   2.9859321e+00
   2.0886528e+00
   2.8930096e+00
   1.8150797e+00
   2.8306923e-01
   1.1614490e-01
   7.0718428e-01
   1.8168140e-01
   1.5871531e+00
   9.1216133e-01
   1.0747619e+00
   3.8986197e-01
   6.1573118e-02
   1.6395368e+00
   3.0523525e-01
   7.0393646e-01
   2.9517905e-01
   1.3648168e-01
   1.5468934e+00
   6.6926536e-02
   3.8802584e+00
   6.2095913e-01
   1.2483970e-01
   1.9257783e+00
   9.2005267e-01
   1.2030507e+00
   6.0937758e-01
   2.0439696e-01
   1.0085091e+00
   5.1200832e-01
   3.8164209e-02
   2.0246859e-01
   2.2221859e-01
   4.9435167e-02
   1.8265751e+00
   4.3021238e-01
   3.3040051e-01
   2.1411517e-01
   4.1334989e-01
   1.1926909e+00
   3.6165781e+00
   2.2796371e+00
   1.3554908e+00
   1.8986014e-01
   1.1174835e-01
   8.5929284e-01
   1.2405741e-02
   3.6449686e+00
   1.6296802e-01
   6.8604083e-01
   2.6735095e-02
   1.4094688e-01
   1.9628533e+00
   1.1192458e+00
   3.0634830e+00
   8.7332819e-01
   8.8067574e-01
   1.2036947e+00
   9.6287077e-02
   7.5758104e-01
   3.6814801e-01
   4.3954014e-01
   1.9817732e-01
   1.4575659e+00
   2.8227994e-01
   9.5784094e-01
   3.1079820e+00
   1.4903872e-01
   3.0224469e-02
   2.3087902e+00
   7.2806044e-01
   3.0158016e-01
   2.3750819e+00
   3.6425910e+00
   8.8066577e-01
   2.1969999e+00
   3.0997011e-02
   6.6400381e-02
   7.4480311e-02
   1.7619011e-02
   3.9452812e-01
   3.7997155e-01
   1.0659719e+00
   2.9559117e+00
   8.7493875e-01
   6.5705898e-01
   6.6267207e-01
   2.5870208e-01
   5.4710621e-01
   5.8577571e-02
   4.9505519e-01
   1.3896662e-01
   2.2575094e+00
   2.2202554e-01
   2.4370872e-02
   1.5755204e+00
   9.8244540e-02
   4.2072218e-01
   3.4591492e-01
   4.0583740e-01
   2.4451674e-01
   6.8386458e-01
   3.0290108e-01
   7.3818105e-01
   1.0498017e-01
   2.2494368e+00
   1.7205165e-01
   1.8750935e+00
   2.8940269e-01
   8.3708086e-01
   5.3881141e-01
   1.0872553e+00
   9.8067772e-01
   3.3850784e-01
   4.9397136e-02
   1.3901397e-01
   5.3231891e-01
   3.5254227e-02
   4.9008980e-01
   2.7111589e-01
   1.1515444e-01
   1.5975082e+00
   2.4639589e+00
   2.0274331e-01
   9.2200978e-01
   3.4290645e-01
   7.0304540e-02
   1.3079421e+00
   1.2525429e+00
   6.4384613e-01
   6.3821329e-01
   4.7951643e-01
   5.5565657e-01
   1.9639239e+00
   9.3877215e-01
   1.0725314e+00
   2.7140433e+00
   1.5522089e+00
   6.1074943e-03
   1.0229844e-01
   2.5255790e-01
   2.1534347e+00
   6.4258856e-01
   3.1437226e+00
   4.2042676e-01
   2.1053801e-01
   9.9818486e-02
   2.0614730e+00
   1.2781348e+00
   2.6751270e-01
   7.7364303e-01
   6.4486871e-01
   1.3972704e-01
   1.2672898e-02
   4.2558012e+00
   1.1255104e+00
   6.7371454e-01